1.8807 1 0 0
1.88071 1 0 0
1.88072 1 0 0
1.88073 1 0 0
1.88074 1 0 0
1.88075 1 0 0
1.88076 1 0 0
1.88077 1 0 0
1.88078 1 0 0
1.88079 1 0 0
1.8808 1 0 0
1.88081 1 0 0
1.88083 1 0 0
1.88084 1 0 0
1.88086 1 0 0
1.88087 1 0 0
1.8809 1 0 0
1.88092 1 0 0
1.88096 1 0 0
1.881 1 0 0
1.88104 1 0 0
1.8811 1 0 0
1.88118 1 0 0
1.88129 1 0 0
1.88142 1 0 0
1.88162 1 0 0
1.8819 1 0 0
1.88232 1.0005 -0.0005 0
1.88302 1.0013 -0.0013 0
1.893614 1.014319 -0.01431939 0
1.904208 1.028874 -0.02887448 0
1.914802 1.04343 -0.04342958 0
1.925397 1.060224 -0.06022393 0
1.935991 1.080377 -0.08037714 0
1.946585 1.114526 -0.1145256 0
1.957179 1.163229 -0.1632292 0
1.967773 1.216971 -0.2175309 0.0006482027
1.978367 1.286388 -0.2880672 0.001708898
1.988962 1.351326 -0.3541249 0.00290218
1.999556 1.425221 -0.4302593 0.005023571
2.01015 1.48848 -0.4957572 0.007410136
2.020744 1.564054 -0.5746906 0.01059222
2.031338 1.650825 -0.6653801 0.01403948
2.041932 1.743754 -0.7616676 0.01722157
2.052527 1.875869 -0.8965822 0.020934
2.063121 1.974396 -0.9979081 0.02385091
2.073715 1.996229 -1.0231 0.02729817
2.084309 1.96264 -0.9934296 0.03034767
2.094903 1.868592 -0.9021803 0.03339717
2.105497 1.767826 -0.8047731 0.03631408
2.116092 1.668179 -0.7090454 0.04029169
2.126686 1.57693 -0.6222746 0.04479965
2.13728 1.496877 -0.5461402 0.04917502
2.147874 1.393872 -0.4481732 0.05434591
2.158468 1.288627 -0.3468474 0.05885386
2.169062 1.155392 -0.2192104 0.06375958
2.179657 1.036712 -0.104449 0.06786977
2.190251 0.9096346 0.01814968 0.07197997
2.200845 0.8032705 0.121155 0.07542723
2.211439 0.7327342 0.189452 0.07781379
2.222033 0.673954 0.2454331 0.08006777
2.232627 0.6370065 0.281261 0.0817914
2.243221 0.6034178 0.3126105 0.08364761
2.253816 0.5776665 0.3366824 0.08550383
2.26441 0.5479965 0.3641131 0.08802298
2.275004 0.5194461 0.3898645 0.09054213
2.285598 0.4981732 0.4094579 0.09253094
2.296192 0.4791397 0.426812 0.09465233
2.306786 0.4679434 0.4363288 0.0959782
2.317381 0.4623453 0.4413671 0.09703889
2.327975 0.4606659 0.4419269 0.09770183
2.338569 0.4606659 0.4413671 0.09862994
2.349163 0.4601061 0.4402475 0.0999558
2.359757 0.4578668 0.4408073 0.1015468
2.370351 0.4533883 0.4424867 0.1038008
2.380946 0.4494697 0.4441662 0.1059222
2.39154 0.4461108 0.4452858 0.1083088
2.402134 0.4449912 0.444726 0.1102976
2.412728 0.4466706 0.4408073 0.1122864
2.423322 0.4500295 0.4363288 0.1136123
2.433916 0.4556276 0.4296111 0.1145404
2.444511 0.4617855 0.4234532 0.1149381
2.455105 0.4673836 0.417855 0.1148055
2.465699 0.4735415 0.4128167 0.11401
2.476293 0.47802 0.4088981 0.1129493
2.486887 0.4836182 0.4049794 0.1114909
2.497481 0.4886565 0.4010607 0.1102976
2.508076 0.4942546 0.3965822 0.1092369
2.51867 0.4998527 0.3915439 0.1083088
2.529264 0.5054508 0.3865056 0.1076458
2.539858 0.5116087 0.3809075 0.1071155
2.550452 0.5172068 0.3758692 0.1067177
2.561046 0.5233648 0.3702711 0.1064526
2.57164 0.5289629 0.3652328 0.1060548
2.582235 0.5351208 0.3590748 0.1057896
2.592829 0.5412787 0.3534767 0.1052593
2.603423 0.5468768 0.3489982 0.1048615
2.614017 0.552475 0.3439599 0.1041986
2.624611 0.5575133 0.3394814 0.1035357
2.635205 0.5625516 0.3350029 0.1026075
2.6458 0.5670301 0.3316441 0.1016794
2.656394 0.5715085 0.3282852 0.1006187
2.666988 0.5748674 0.3254862 0.09942546
2.677582 0.5787861 0.3232469 0.09809959
2.688176 0.582145 0.3210077 0.09664113
2.69877 0.5843842 0.319888 0.09531526
2.709365 0.5871833 0.3193282 0.09359163
2.719959 0.5883029 0.3193282 0.09213318
2.730553 0.5899823 0.319888 0.09027696
2.741147 0.5905421 0.3204478 0.08868592
2.751741 0.5911019 0.3215675 0.08696229
2.762335 0.5911019 0.3232469 0.08510607
2.77293 0.5911019 0.3249263 0.08364761
2.783524 0.5911019 0.3271656 0.08205657
2.794118 0.5905421 0.328845 0.08059811
2.804712 0.5894225 0.3310843 0.07927225
