1.880 0.0
1.882 12.0
1.884 94.0
1.885 146.0
1.886 171.0
1.887 190.0
1.890 207.0
1.892 221.0
1.896 237.0
1.902 248.0
1.921 265.0
1.932 270.0
1.945 269.0
1.957 271.0
1.970 271.0
1.981 270.0
1.988 271.0
2.001 268.0
2.015 271.0
2.027 271.0
2.037 280.0
2.052 281.0
2.068 288.0
2.081 295.0
2.103 312.0
2.10750 321.70
2.12000 334.70
2.13250 352.60
2.14510 368.30
2.15770 393.10
2.17030 419.30
2.18290 453.30
2.20840 514.00
2.22110 542.70
2.23390 565.70
2.24680 576.40
2.25970 578.11
2.27260 571.90
2.28550 548.81
2.29850 530.11
2.32460 475.57
2.33770 458.03
2.35000 437.09
2.38000 413.99
2.42000 380.50
2.44000 364.25
2.46000 355.37
2.49000 343.85
2.50000 341.65
2.52000 336.90
2.53000 336.13
2.54000 335.97
2.56000 332.78
2.58000 331.36
2.60000 328.67
2.63000 324.17
2.64000 325.11
2.70000 318.76
2.71000 319.27
2.72000 320.56
2.73000 318.78
2.75000 320.51
2.77000 318.05
2.86000 316.17
2.93000 313.12
3.00000 308.54